image: hardware.pgm
resolution: 0.050000
origin: [-7.779076, -3.175654, 0.000000]
negate: 0
occupied_thresh: 0.65
free_thresh: 0.196

